0 1 1
1 2 1
2 3 1
3 4 1
4 5 1
5 6 1
5 48 0.5
6 7 1
6 59 0.5
7 8 1
7 58 0.5
8 9 1
8 57 0.5
9 10 1
9 56 0.5
10 11 1
10 55 0.5
11 12 1
11 54 0.5
12 13 1
13 14 1
14 15 1
15 16 1
48 49 1
48 60 1
48 59 1
59 58 1
58 57 1
58 67 1
57 56 1
57 66 1
56 55 1
56 65 1
55 64 1
55 54 1
60 67 1
67 66 1
66 65 1
65 64 1
64 54 1
60 61 1
60 49 1
61 50 1
61 62 1
62 51 1
62 63 1
63 52 1
63 64 1
64 53 1
49 50 1
50 51 1
51 52 1
52 53 1
53 54 1
49 31 0.5
50 32 0.5
51 33 0.5
52 34 0.5
53 35 0.5
31 32 1
32 33 1
35 34 1
34 33 1
27 28 1
28 29 1
29 30 1
30 33 1
22 27 0.5
21 27 0.5
16 26 0.5
26 25 1
25 24 1
24 23 1
23 22 1
25 45 0.5
24 44 0.5
23 43 0.5
22 42 0.5
45 44 1
44 43 1
43 42 1
45 46 1
46 47 1
47 42 1
0 17 1
17 18 1
18 19 1
19 20 1
20 21 1
18 36 0.5
19 37 0.5
20 38 0.5
21 39 0.5
36 37 1
37 38 1
38 39 1
39 40 1
40 41 1
41 36 1