0 1 1
1 2 1
2 3 1
3 4 1
4 5 1
5 6 1
6 7 1
7 8 1
8 9 1
9 10 1
10 11 1
11 12 1
12 13 1
13 14 1
14 15 1
15 16 1
16 17 1
17 18 1
18 19 1
19 20 1
20 21 1
21 22 1
22 23 1
23 24 1
24 25 1
25 26 1
26 27 1
27 28 1
28 29 1
29 30 1
30 31 1
31 32 1
13 76 1
14 87 1
15 86 1
16 85 1
17 84 1
18 83 1
19 82 1
76 87 1
87 86 1
86 85 1
85 84 1
84 83 1
83 82 1
76 88 1
88 95 1
95 94 1
94 93 1
93 92 1
92 82 1
86 95 1
85 94 1
84 93 1
76 77 1
77 78 1
78 79 1
79 80 1
80 81 1
81 82 1
88 89 1
89 90 1
90 91 1
91 92 1
78 89 1
79 90 1
80 91 1
51 52 1
52 53 1
53 54 1
54 57 1
55 56 1
56 57 1
57 58 1
58 59 1
60 61 1
61 62 1
62 63 1
63 64 1
60 67 1
67 66 1
66 65 1
65 64 1
96 60 1
96 61 1
96 62 1
96 63 1
96 64 1
96 65 1
96 66 1
96 67 1
33 34 1
34 35 1
35 36 1
36 37 1
37 38 1
38 39 1
39 40 1
40 41 1
41 33 1
36 39 1
35 40 1
34 41 1
38 64 1
39 63 1
40 62 1
41 61 1
33 60 1
38 51 1
51 50 1
42 43 1
43 44 1
44 45 1
45 46 1
46 47 1
47 48 1
48 49 1
49 50 1
50 42 1
49 43 1
48 44 1
47 45 1
68 69 1
69 70 1
70 71 1
71 72 1
72 73 1
73 74 1
74 75 1
75 68 1
97 68 1
97 69 1
97 70 1
97 71 1
97 72 1
97 73 1
97 74 1
97 75 1
68 50 1
69 49 1
70 48 1
71 47 1
72 46 1
0 33 1
32 46 1
