0 1 0.995034105559873
0 2 0.9804886015786645
0 3 0.9559286071974821
1 0 0.9950341055598731
1 2 0.9948928376038446
1 3 0.9790676009186208
2 1 0.9948928376038446
2 3 0.9943638593490263
2 0 0.9804886015786645
3 2 0.9943638593490263
3 4 0.9938832160784724
3 1 0.9790676009186208
4 3 0.9938832160784724
4 5 0.9936097743382023
4 2 0.9770534696722524
5 4 0.9936097743382024
5 6 0.9934270323547163
5 3 0.9756378157863905
6 7 0.9934935968262063
6 5 0.9934270323547162
6 8 0.9751653947620664
7 6 0.9934935968262063
7 8 0.9934445802734471
7 5 0.9748070223694503
8 7 0.9934445802734471
8 9 0.9926620034351563
8 6 0.9751653947620664
9 8 0.9926620034351564
9 10 0.9902772622039258
9 7 0.973695595626162
10 9 0.9902772622039259
10 11 0.9851417719311044
10 8 0.9679821403501708
11 10 0.9851417719311044
11 12 0.9689588699133318
11 9 0.9540495060100168
12 11 0.9689588699133318
12 10 0.9169959420659692
12 13 0.901948073691174
13 12 0.901948073691174
13 14 0.8199832435660228
13 11 0.7784983291097995
14 15 0.9249513381999428
14 13 0.8199832435660228
14 16 0.8057877454121753
15 16 0.961254341693833
15 14 0.9249513381999428
15 17 0.8648568925816597
16 15 0.961254341693833
16 17 0.958921969333322
16 14 0.8057877454121753
17 16 0.958921969333322
17 18 0.9101387393316339
17 15 0.8648568925816597
18 17 0.9101387393316339
18 19 0.8326936281316517
18 16 0.7774270435158624
19 20 0.9250303338162502
19 18 0.8326936281316518
19 21 0.8225188157537697
20 21 0.9737051858692707
20 22 0.9267372738093241
20 19 0.9250303338162503
21 22 0.9862941005791339
21 20 0.9737051858692707
21 23 0.9567538422351549
22 23 0.9905981257001593
22 21 0.9862941005791338
22 24 0.9679660152052905
23 24 0.992526072426964
23 22 0.9905981257001593
23 25 0.9726277185170231
24 25 0.9930947482297301
24 23 0.992526072426964
24 26 0.9731042590789671
25 24 0.9930947482297301
25 26 0.992888383678669
25 23 0.9726277185170231
26 25 0.9928883836786689
26 27 0.9927705832980538
26 24 0.9731042590789671
27 28 0.9930350100410167
27 26 0.9927705832980538
27 29 0.9737604767119936
28 29 0.9935423928880504
28 27 0.9930350100410168
28 30 0.9762280300429578
29 30 0.9943149819628538
29 28 0.9935423928880504
29 31 0.979597723480419
30 31 0.9952320774016039
30 29 0.9943149819628538
30 32 0.9823603126695786
31 32 0.995655340683714
31 30 0.9952320774016039
31 29 0.9795977234804191
32 31 0.9956553406837139
32 30 0.9823603126695786
32 29 0.9584287041716368
33 41 0.920785403826712
33 34 0.8939595735016965
33 40 0.7846974537878613
34 41 0.9776129294077195
34 35 0.9491362517058936
34 40 0.9386456109198223
35 40 0.9826415225520423
35 36 0.9666937101639667
35 39 0.9556908383358316
36 39 0.9850844140885141
36 37 0.9743053699818333
36 35 0.9666937101639667
37 38 0.9865431779952891
37 36 0.9743053699818331
37 39 0.961609620126627
38 37 0.9865431779952891
38 39 0.9728563448741381
38 36 0.9630073866231526
39 36 0.9850844140885142
39 38 0.9728563448741381
39 40 0.9659546311434539
40 35 0.9826415225520422
40 39 0.965954631143454
40 41 0.9513683912715223
41 34 0.9776129294077196
41 40 0.9513683912715222
41 35 0.9289130689500764
42 50 0.9865867324204018
42 43 0.9726136251850859
42 49 0.962494034771554
43 49 0.9855403836907338
43 42 0.972613625185086
43 44 0.9682681352952084
44 48 0.9837391371519335
44 43 0.9682681352952084
44 49 0.9553816517604721
45 47 0.9803272913857708
45 44 0.950259737419311
45 48 0.9389492370982016
46 47 0.9264106273327762
46 45 0.9071244806239913
46 48 0.7972331985333624
47 45 0.9803272913857708
47 48 0.9531806776013747
47 44 0.9348302549894805
48 44 0.9837391371519335
48 49 0.9673399797328143
48 43 0.9542092040862206
49 43 0.9855403836907337
49 50 0.972014055932181
49 48 0.9673399797328142
50 42 0.9865867324204018
50 49 0.9720140559321812
50 43 0.9600922715113424
51 52 0.9555008590641481
51 53 0.8789485851531083
51 68 0.8732726409716368
52 53 0.9791488568610316
52 51 0.9555008590641482
52 54 0.9434664796444938
53 54 0.9853520348538858
53 52 0.9791488568610316
53 57 0.9603332945371341
54 53 0.9853520348538858
54 57 0.9619867140136612
54 56 0.9444776761202807
55 56 0.9682777090009282
55 57 0.9214509015989929
55 58 0.9080205793916678
56 57 0.9817770923670764
56 55 0.9682777090009282
56 58 0.9628992877329658
57 56 0.9817770923670766
57 58 0.9815279653140672
57 54 0.9619867140136612
58 57 0.9815279653140672
58 59 0.9693120138468814
58 56 0.9628992877329658
59 58 0.9693120138468814
59 57 0.9233331732720504
59 56 0.9079711539786032
60 67 0.9570079214665055
60 61 0.9491152041040257
60 66 0.8838252639673749
61 62 0.9745386129007416
61 60 0.9491152041040258
61 67 0.9366627164542851
62 61 0.9745386129007415
62 63 0.9712134901447892
62 96 0.9374602216699436
63 62 0.9712134901447892
63 64 0.9376832485227746
63 65 0.9346672197438566
64 65 0.9619920186867685
64 63 0.9376832485227747
64 66 0.9033625863521682
65 66 0.9800822941341303
65 64 0.9619920186867685
65 67 0.9399561722734804
66 65 0.9800822941341303
66 67 0.975330893814438
66 96 0.920247797807399
67 66 0.975330893814438
67 60 0.9570079214665055
67 65 0.9399561722734804
68 75 0.9599383160913846
68 69 0.9364104133948369
68 74 0.9023510423914743
69 70 0.9705572150761164
69 68 0.936410413394837
69 75 0.9328252119870241
70 71 0.9746168896569354
70 69 0.9705572150761164
70 97 0.9381159235213105
71 70 0.9746168896569354
71 72 0.952984703803849
71 73 0.9435368666208428
72 73 0.9597243877203043
72 71 0.952984703803849
72 74 0.8880707253419352
73 74 0.9763835843958015
73 72 0.9597243877203043
73 71 0.9435368666208427
74 75 0.9798638089379518
74 73 0.9763835843958015
74 97 0.923546842634728
75 74 0.9798638089379519
75 68 0.9599383160913847
75 73 0.9420399894590266
76 88 0.9297496049796079
76 87 0.7625297613846728
76 77 0.6887790676008292
77 89 0.9612196460483304
77 78 0.9097378434559453
77 90 0.8879000515074298
78 79 0.9839756543899343
78 90 0.9656829922391172
78 80 0.9591536962457331
79 78 0.9839756543899343
79 80 0.983353243252174
79 90 0.9731791341780123
80 79 0.9833532432521741
80 90 0.9665833350814232
80 78 0.959153696245733
81 91 0.966746615758408
81 80 0.9192093278157469
81 90 0.8980481736716788
82 92 0.9351972432649995
82 83 0.7843774313219374
82 81 0.7218793957581287
83 93 0.8757561900485242
83 84 0.8691806943784007
83 92 0.8295971134702848
84 85 0.9450609858508182
84 93 0.9389693479025922
84 94 0.9068453306605562
85 94 0.9587179829652925
85 84 0.9450609858508181
85 86 0.9436153096236259
86 85 0.9436153096236259
86 95 0.9318839401117721
86 94 0.9081781333527295
87 95 0.8626598342497216
87 86 0.8614402497740676
87 88 0.7950922347233129
88 76 0.9297496049796079
88 87 0.7950922347233129
88 77 0.7544380548446497
89 77 0.9612196460483304
89 90 0.9340822263573656
89 78 0.9168300940278398
90 79 0.9731791341780123
90 80 0.9665833350814232
90 78 0.9656829922391172
91 81 0.9667466157584079
91 90 0.9342812553119002
91 80 0.9168633890354281
92 82 0.9351972432649994
92 83 0.8295971134702848
92 81 0.7760969333460244
93 84 0.9389693479025922
93 94 0.897634625440066
93 83 0.8757561900485242
94 85 0.9587179829652925
94 86 0.9081781333527295
94 84 0.9068453306605562
95 86 0.9318839401117721
95 94 0.8950627992694543
95 87 0.8626598342497216
96 62 0.9374602216699436
96 61 0.9328511274572591
96 63 0.9255934896510254
97 70 0.9381159235213106
97 71 0.9360742250486118
97 69 0.9261617878649535
